[gd_scene load_steps=8 format=3 uid="uid://bkhdypxj8q4jn"]

[ext_resource type="PackedScene" uid="uid://bbl1ds2ot8uq7" path="res://Buildings/factory.fbx" id="1_1a4dd"]
[ext_resource type="PackedScene" uid="uid://cqvb5nqwsw4lt" path="res://Buildings/civilian_building.fbx" id="1_krsrq"]
[ext_resource type="PackedScene" uid="uid://c2pltb3ffvsk8" path="res://Buildings/government.fbx" id="3_m7hpa"]
[ext_resource type="PackedScene" uid="uid://6omroyrxinou" path="res://Buildings/hospital.fbx" id="4_xbvaa"]
[ext_resource type="PackedScene" uid="uid://da7rrxat10ulc" path="res://Buildings/park.fbx" id="5_4gqnq"]
[ext_resource type="PackedScene" uid="uid://dgjg7bjmb8xn2" path="res://Buildings/station.fbx" id="6_01vff"]
[ext_resource type="PackedScene" uid="uid://dpb7wmcwopt3h" path="res://Scenes/ali_tests.tscn" id="7_txxl0"]

[node name="City3d" type="Node3D"]

[node name="Buldings" type="Node3D" parent="."]

[node name="factory" parent="Buldings" instance=ExtResource("1_1a4dd")]
transform = Transform3D(1, 0, 0, 0, 1, 0, 0, 0, 1, -10.503694, 0, -4.681217)

[node name="civilian_building" parent="Buldings" instance=ExtResource("1_krsrq")]
transform = Transform3D(0.7912769, 0, 0.611458, 0, 1, 0, -0.611458, 0, 0.7912769, 3.604001, 0, 2.1044853)

[node name="government" parent="Buldings" instance=ExtResource("3_m7hpa")]
transform = Transform3D(0.975932, 0, 0.21807511, 0, 1, 0, -0.21807511, 0, 0.975932, 0.039880514, 0.09107828, 6.252159)

[node name="hospital" parent="Buldings" instance=ExtResource("4_xbvaa")]
transform = Transform3D(1, 0, 0, 0, 1, 0, 0, 0, 1, 1.4605443, 0, -4.6146817)

[node name="park" parent="Buldings" instance=ExtResource("5_4gqnq")]
transform = Transform3D(-0.7128222, 0, 0.70134485, 0, 1, 0, -0.70134485, 0, -0.7128222, -1.187671, 0, -2.156559)

[node name="station" parent="Buldings" instance=ExtResource("6_01vff")]
transform = Transform3D(1, 0, 0, 0, 1, 0, 0, 0, 1, -8.508824, 0, 4.005133)

[node name="Node3D" parent="." instance=ExtResource("7_txxl0")]
transform = Transform3D(0.5, 0, 0, 0, 0.5, 0, 0, 0, 0.5, 0, 0.008541822, 0)

[node name="DirectionalLight3D" type="DirectionalLight3D" parent="."]
transform = Transform3D(0.37638602, -0.5878918, 0.71604246, 0, 0.7728776, 0.63455516, -0.92646295, -0.23883767, 0.29090032, 1.4531047, 3.1779995, 0)
shadow_enabled = true
